    1    1    -41.225   0.000  0    4    1   0.000     bb0800.lpe          
    2    1    -36.182   5.043  2    4    1   5.043     bb0804.lpe          
    3    1    -35.266   5.959  1    4    1   5.959     bb0802.lpe          
    4    2    -33.681   7.544  0    4    1             bb0800.lpe          
    5    1    -33.620   7.605  4    4    1   7.605     bb0808.lpe          
    6    2    -33.250   7.975  2    4    1             bb0804.lpe          
    7    1    -33.166   8.059  3    4    1   8.059     bb0806.lpe          
    8    3    -31.732   9.493  2    4    1             bb0804.lpe          
    9    2    -31.190  10.035  1    4    1             bb0802.lpe          
   10    4    -30.416  10.809  2    4    1             bb0804.lpe          
   11    2    -29.163  12.062  3    4    1             bb0806.lpe          
   12    2    -29.108  12.117  4    4    1             bb0808.lpe          
   13    3    -28.985  12.240  0    4    1             bb0800.lpe          
   14    3    -28.551  12.674  3    4    1             bb0806.lpe          
   15    4    -28.349  12.876  0    4    1             bb0800.lpe          
   16    5    -27.848  13.378  2    4    1             bb0804.lpe          
   17    3    -27.724  13.501  1    4    1             bb0802.lpe          
   18    3    -27.503  13.722  4    4    1             bb0808.lpe          
   19    6    -27.191  14.034  2    4    1             bb0804.lpe          
   20    4    -26.684  14.541  4    4    1             bb0808.lpe          
   21    7    -26.089  15.136  2    4    1             bb0804.lpe          
   22    5    -26.056  15.169  4    4    1             bb0808.lpe          
   23    4    -25.889  15.336  1    4    1             bb0802.lpe          
   24    4    -25.847  15.379  3    4    1             bb0806.lpe          
   25    8    -25.622  15.603  2    4    1             bb0804.lpe          
   26    6    -25.383  15.843  4    4    1             bb0808.lpe          
   27    9    -25.317  15.909  2    4    1             bb0804.lpe          
   28    5    -24.890  16.335  3    4    1             bb0806.lpe          
   29    5    -24.386  16.839  1    4    1             bb0802.lpe          
   30    7    -24.099  17.126  4    4    1             bb0808.lpe          
   31    6    -23.695  17.531  3    4    1             bb0806.lpe          
   32   10    -23.506  17.719  2    4    1             bb0804.lpe          
   33    7    -23.111  18.114  3    4    1             bb0806.lpe          
   34    5    -22.697  18.528  0    4    1             bb0800.lpe          
   35    6    -22.609  18.616  1    4    1             bb0802.lpe          
   36    8    -22.017  19.208  3    4    1             bb0806.lpe          
   37    7    -21.763  19.462  1    4    1             bb0802.lpe          
   38    8    -21.070  20.156  4    4    1             bb0808.lpe          
   39    9    -20.882  20.343  3    4    1             bb0806.lpe          
   40    9    -20.697  20.528  4    4    1             bb0808.lpe          
   41    6    -20.550  20.675  0    4    1             bb0800.lpe          
   42    8    -20.083  21.142  1    4    1             bb0802.lpe          
   43   10    -19.366  21.859  3    4    1             bb0806.lpe          
   44   10    -19.329  21.896  4    4    1             bb0808.lpe          
   45    7    -18.533  22.692  0    4    1             bb0800.lpe          
   46    9    -18.278  22.947  1    4    1             bb0802.lpe          
   47    8    -18.059  23.167  0    4    1             bb0800.lpe          
   48   10    -17.220  24.005  1    4    1             bb0802.lpe          
   49    9    -12.011  29.214  0    4    1             bb0800.lpe          
